NGRAM[3,2,3481]
0.14687751233577728
-0.10488248616456985
0.6644911170005798
0.027014562860131264
-0.007202516309916973
0.09206477552652359
-0.17847684025764465
0.5098218321800232
-0.15504103899002075
-0.03006187453866005
-0.053231146186590195
0.12635093927383423
0.4183639585971832
0.014275414869189262
-0.09147565066814423
0.255016028881073
0.1289176642894745
0.08923881500959396
0.12193334847688675
0.10967841744422913
-0.14665552973747253
-0.20173713564872742
0.028774958103895187
-0.08385372906923294
0.5548499226570129
-1.1627647876739502
-0.013543196022510529
0.12981641292572021
-0.055275771766901016
0.07137168198823929
0.8024576306343079
0.034744344651699066
-0.28314173221588135
0.11617230623960495
-0.03184976056218147
-0.09565834701061249
-0.036525923758745193
0.05525068938732147
-0.046349864453077316
0.07295393198728561
0.04092772677540779
-0.1692802459001541
0.1883929967880249
-0.718894898891449
0.6716102361679077
0.6103079319000244
0.34043940901756287
0.34820595383644104
0.031155787408351898
-0.34292519092559814
-0.11534129083156586
0.2576696574687958
0.6283292174339294
-0.3490293323993683
0.5196628570556641
0.1696023792028427
0.2266015112400055
-0.6332088112831116
0.03385055065155029
-0.3093273639678955
-0.21740327775478363
-0.0450487919151783
0.03595442697405815
0.20422331988811493
0.03750929236412048
-0.045731812715530396
0.48778036236763
-0.07049354910850525
-0.025607572868466377
0.02283875085413456
-0.1823665201663971
0.1442006230354309
-0.0848398506641388
0.14795687794685364
-0.2234387844800949
-0.14977103471755981
-0.39598724246025085
-0.8532591462135315
-0.4510345160961151
-0.08285792171955109
-0.22027505934238434
-0.8700799942016602
-0.2394089698791504
-0.15875199437141418
0.15964356064796448
-0.12204255908727646
0.15880243480205536
-0.11186199635267258
-0.17371642589569092
0.08832452446222305
0.23915934562683105
0.20375631749629974
0.04150620475411415
-0.09351193904876709
0.13513199985027313
-0.4758617579936981
0.043194450438022614
-0.41974565386772156
0.46006903052330017
0.5223215222358704
-0.31840795278549194
0.025562936440110207
0.10793486982584
-0.05975661426782608
-0.039917416870594025
0.0017079582903534174
0.3041159212589264
0.6801105737686157
-0.4670599400997162
-0.047409918159246445
-0.005544804502278566
-0.05595104768872261
-0.1441054344177246
-0.11448315531015396
0.11812739819288254
0.19076313078403473
0.05596742779016495
-0.11441870778799057
-0.11743838340044022
0.07410404086112976
0.01180131733417511
0.04633008688688278
-0.08348408341407776
0.2457214891910553
0.7432470917701721
-0.8194121718406677
-0.07446221262216568
0.11741962283849716
0.0008484769496135414
0.05118159204721451
-0.13398516178131104
-0.41040584444999695
0.013815279118716717
0.29654455184936523
-0.042445261031389236
-0.02854079380631447
-0.18208998441696167
-0.02321353368461132
-0.11777479201555252
-0.14363622665405273
0.021758921444416046
0.24998588860034943
-0.008876709267497063
-0.25988492369651794
-0.3008638322353363
-0.09898880124092102
0.29950112104415894
-0.3604741394519806
0.07854013890028
0.9943793416023254
0.14286872744560242
-0.28618285059928894
0.11680546402931213
0.15639494359493256
-0.10931190848350525
-0.12170718610286713
-0.11655193567276001
-0.4846529960632324
0.031233932822942734
0.02371220663189888
0.25385764241218567
0.03291524574160576
0.006588186137378216
0.27256786823272705
0.16243009269237518
-0.19004368782043457
-0.9281633496284485
-0.046589676290750504
0.0356891006231308
-0.07109438627958298
0.07946466654539108
0.1700332760810852
0.19068904221057892
-0.6080038547515869
-0.27444565296173096
-0.03981822356581688
0.1663483828306198
-0.5587407946586609
-0.2565865218639374
-0.1756485104560852
-0.043661538511514664
-0.9370219111442566
0.18252252042293549
0.5424452424049377
0.032251596450805664
0.00489816814661026
-0.11205825209617615
0.47610238194465637
-0.1831168681383133
0.09875037521123886
0.045546360313892365
0.10474105924367905
0.019373074173927307
0.0046778228133916855
0.3321435749530792
0.04913627356290817
-0.05490626394748688
0.17342717945575714
0.9359923601150513
-0.39890256524086
0.3907945156097412
0.1623421311378479
-0.45622047781944275
-0.11099234223365784
0.036418408155441284
-0.08038743585348129
0.034285709261894226
0.2783338725566864
-0.519917368888855
-0.0030814555939286947
-0.03436952829360962
0.05352189391851425
-0.282018780708313
-0.13169921934604645
-0.17550596594810486
0.610588550567627
1.2964181900024414
-0.019417934119701385
-0.21285642683506012
0.0008581415168009698
0.06158623471856117
-0.0876290574669838
-0.005638669710606337
0.983493447303772
0.1360720843076706
-0.16940340399742126
0.759054958820343
0.013854854740202427
0.3177918791770935
-0.2919761836528778
-0.2690671384334564
-0.10729879885911942
0.3232891857624054
-0.15698187053203583
-0.12226415425539017
0.2107733190059662
-0.08303199708461761
0.35156646370887756
-1.0017033815383911
-0.15007488429546356
0.06323184072971344
-0.0728367492556572
0.029360933229327202
0.007060759700834751
0.15530644357204437
0.034938279539346695
-0.06609787791967392
-0.584168016910553
-0.037171848118305206
-0.15020747482776642
-0.05950941517949104
1.0552334785461426
0.10551919788122177
0.11236152052879333
0.8265884518623352
-0.4757040739059448
0.32670921087265015
0.680401086807251
-0.6163801550865173
-0.28426384925842285
0.41094040870666504
0.09469839185476303
-0.14397156238555908
-0.19062276184558868
-0.13691413402557373
0.8965210318565369
-0.28773584961891174
0.04985002428293228
-0.008368352428078651
0.03134194016456604
0.17626623809337616
0.16389398276805878
-0.0048565552569925785
0.543444812297821
-0.37881314754486084
-0.09084279835224152
-0.46187731623649597
-0.7176930904388428
-0.4931747317314148
-0.08585994690656662
0.9132194519042969
0.4445619285106659
0.16305556893348694
0.21690575778484344
-0.37314051389694214
-0.321707159280777
-0.41405633091926575
-0.16888508200645447
-0.06461682170629501
0.3094521760940552
0.959700882434845
-1.2289113998413086
0.09396392852067947
0.6744694709777832
0.27561137080192566
-0.2527216672897339
-0.22317630052566528
0.8319014310836792
0.05870689079165459
-0.5124563574790955
-0.30292651057243347
-0.17864860594272614
0.5347534418106079
0.012944122776389122
-0.014615889638662338
-0.2036672681570053
-0.2011604607105255
-0.6476619243621826
0.530165433883667
0.09845661371946335
-0.008014507591724396
0.3578643798828125
0.3230977952480316
-0.05274029076099396
-0.659101128578186
-0.6660692095756531
-0.6223887801170349
-0.05028834193944931
-1.0664528608322144
-0.04006250947713852
-0.0824715793132782
-0.3706262707710266
-0.1354522854089737
0.879472553730011
0.39642950892448425
0.08223921060562134
-1.3504735231399536
-0.33106714487075806
-0.5675216913223267
-0.23182687163352966
0.02748745307326317
0.5415573120117188
0.17522279918193817
-0.2345958650112152
-0.2566072940826416
0.06712331622838974
-0.5572942495346069
-0.01660669781267643
0.566569983959198
0.06621170789003372
-0.10540600121021271
0.2573148310184479
-0.10642721503973007
-0.20902255177497864
0.21738141775131226
0.6462582945823669
0.46453857421875
0.6824392080307007
-0.024062631651759148
-1.1273174285888672
-0.038356974720954895
-0.5219668745994568
-0.14002422988414764
-0.4275638163089752
-0.2465423047542572
0.21539315581321716
-0.3452305495738983
-0.00520695885643363
-1.3141863346099854
-0.672730028629303
0.15422604978084564
-0.48486533761024475
0.04896867275238037
-0.874236524105072
0.21875879168510437
0.69977205991745
0.6678314208984375
0.046857379376888275
-0.026505934074521065
0.020722316578030586
0.0395125076174736
-0.06443773210048676
0.13037802278995514
-0.32799825072288513
0.11388648301362991
0.09119482338428497
0.07483074069023132
-0.29268819093704224
-0.06965453922748566
-0.030821580439805984
0.32321345806121826
0.32426807284355164
0.20007380843162537
-0.4517170488834381
-0.1997666358947754
-0.2538630962371826
-0.11728440970182419
-0.0371941477060318
-0.48500555753707886
0.3094901442527771
0.6083849668502808
-0.19465267658233643
0.0908413752913475
0.13450759649276733
0.28543615341186523
0.7938599586486816
0.038780733942985535
-0.4230463206768036
0.34803280234336853
-0.07634903490543365
-0.6889640092849731
-2.0967915058135986
-0.5779336094856262
0.09215982258319855
-0.1447446048259735
-0.19604270160198212
0.1288260966539383
0.7085660696029663
-0.5514278411865234
0.18582569062709808
0.16754701733589172
0.017826993018388748
-0.0007342455210164189
0.1412794589996338
0.8884882926940918
-0.011690045706927776
0.7857481837272644
-0.02922242507338524
-0.25198793411254883
-0.25804445147514343
1.1300199031829834
-0.25223156809806824
-0.02970397099852562
-0.015080983750522137
0.5205401182174683
0.12885944545269012
-0.3520386517047882
1.1880388259887695
-0.2849283814430237
0.13662178814411163
0.31734681129455566
-0.7130687236785889
0.14811471104621887
0.30636537075042725
0.07462119311094284
0.14782589673995972
-0.38495299220085144
-0.31538283824920654
1.0801947116851807
0.10536754131317139
0.023930905386805534
-0.5212709307670593
-0.3139093816280365
-0.17120636999607086
0.19611239433288574
0.22649161517620087
-0.06015486270189285
-0.05215035751461983
-0.1408470869064331
-0.054309047758579254
0.16688813269138336
0.004500741604715586
-0.22792677581310272
-1.3864128589630127
0.38874948024749756
0.8064727783203125
-1.4866232872009277
-0.11311763525009155
1.0027059316635132
0.6907818913459778
-0.3407265245914459
-1.0949493646621704
0.07746633887290955
-0.6612764596939087
-0.6978836059570312
0.6809303164482117
-0.30059298872947693
0.13978111743927002
-0.08296316117048264
-0.018154332414269447
1.8120920658111572
-1.5253732204437256
0.16068419814109802
-0.5921058654785156
0.17008477449417114
-0.18495279550552368
-1.0767478942871094
-0.2707078456878662
0.6384889483451843
0.01864670030772686
-0.12003286182880402
0.3235134482383728
0.3772825300693512
-0.8422680497169495
0.042438309639692307
1.3850008249282837
0.06673756241798401
0.12761610746383667
-0.27333930134773254
0.5558242201805115
-0.4596450924873352
-0.7368181347846985
0.10486303269863129
0.3493889272212982
-0.05805506557226181
-0.31135591864585876
0.07907488942146301
0.05464119091629982
-0.3123472034931183
-0.09502405673265457
0.540273904800415
-1.6737432479858398
0.42366182804107666
-0.07774728536605835
-0.02235245704650879
-0.09200340509414673
0.5334770083427429
-0.23050454258918762
-0.18866488337516785
0.07741264253854752
-0.0559634193778038
0.22742526233196259
0.3640856444835663
-0.060999590903520584
-0.43223053216934204
-0.7647578716278076
0.724072277545929
0.08278283476829529
0.35266706347465515
-0.001810695743188262
1.8758283853530884
0.06623535603284836
0.02265789732336998
0.06729333102703094
0.7047162055969238
0.0020913241896778345
0.09922200441360474
0.2193966805934906
0.5899911522865295
-0.5411450862884521
-0.055638816207647324
0.9401159286499023
0.06444459408521652
0.10114182531833649
0.026191765442490578
0.23715083301067352
1.0092294216156006
-1.4108526706695557
0.2872728705406189
-0.07320626825094223
0.09004439413547516
1.1310113668441772
-1.1108328104019165
-0.3927334249019623
0.11223019659519196
-0.21795563399791718
-0.5026018023490906
1.033499836921692
-0.15589869022369385
-0.1773582249879837
-0.18544909358024597
-0.04602436721324921
0.7002336978912354
0.26680415868759155
1.330905556678772
0.008697638288140297
0.523571252822876
-0.0691448301076889
1.3595314025878906
0.17888672649860382
-0.5378296375274658
2.0302295684814453
-0.1280447393655777
-0.3148018419742584
-1.8934763669967651
-1.0499544143676758
0.31273069977760315
0.0962308868765831
-0.13583412766456604
0.08576132357120514
-0.5468083620071411
0.07238870114088058
-0.041015926748514175
0.5933026671409607
-0.2749771773815155
-0.1119084358215332
0.7122873663902283
-0.699710488319397
-0.15679806470870972
-0.015412845648825169
-0.08586138486862183
0.24473409354686737
-0.16802683472633362
0.5539429187774658
-0.1528582125902176
1.9349474906921387
-0.5738056302070618
-0.16835574805736542
0.2602674663066864
-0.4735472798347473
-0.13542453944683075
0.4327893555164337
0.22152836620807648
0.678126335144043
-0.2389487624168396
0.24131670594215393
-0.21623198688030243
0.008248682133853436
-0.2606396973133087
-0.12496916949748993
0.6053186655044556
1.3635870218276978
-0.09411969780921936
-0.1885680854320526
-0.131656214594841
-0.4602449834346771
-0.5135722160339355
-0.7302242517471313
0.291119784116745
0.21134234964847565
0.00455079972743988
0.5896978974342346
0.423150897026062
-0.34073615074157715
0.5777041912078857
-0.19462411105632782
-0.03482440114021301
-0.2962176501750946
0.010197445750236511
-0.15741965174674988
-0.06932766735553741
0.1872892826795578
-0.4840291440486908
-1.0736762285232544
-0.4095522463321686
0.06148554012179375
0.004440277349203825
0.14051330089569092
0.3632533550262451
0.08815547823905945
-0.5570446848869324
0.4620576500892639
0.11613700538873672
0.32316580414772034
-0.29008200764656067
0.5038778185844421
1.3670876026153564
-0.8393611311912537
-0.8176041841506958
-0.27316364645957947
-0.20725131034851074
-0.43353790044784546
0.6447226405143738
-0.03044039011001587
-1.0799264907836914
0.09137845784425735
-0.02025178074836731
0.6502055525779724
-0.09123780578374863
-0.15160991251468658
0.4181264042854309
-0.5932407379150391
-0.38586628437042236
0.41119545698165894
-0.16323454678058624
0.4971524178981781
0.9833804368972778
0.03751850128173828
0.9680098295211792
-0.621505081653595
-0.33134958148002625
0.2752167880535126
0.1271049529314041
0.05954231694340706
-1.0876975059509277
-0.37441712617874146
0.0319669134914875
0.12628839910030365
-0.10500963032245636
-0.04815785214304924
-0.2632327377796173
-0.06738082319498062
0.6113153696060181
0.5603933930397034
-0.3156113624572754
-0.25765299797058105
0.6332601308822632
0.03392670676112175
0.14041584730148315
0.06451483815908432
-0.08583453297615051
-0.20151084661483765
-0.07039341330528259
0.35153770446777344
-0.05445806309580803
1.276917576789856
-0.4515467882156372
0.8194871544837952
0.6896188259124756
-0.6763439774513245
0.29409557580947876
-0.13410814106464386
0.4465451240539551
-0.14327938854694366
-0.06295313686132431
-0.3375484347343445
-0.3781314790248871
-0.1696610301733017
0.14066044986248016
0.1441757082939148
-0.23479148745536804
-0.20776614546775818
-0.07538092881441116
0.10065903514623642
0.3712640404701233
0.021808406338095665
0.07504777610301971
0.25303706526756287
-0.748794674873352
-0.06567242741584778
0.16720405220985413
0.062467094510793686
0.5321094393730164
-0.01904766820371151
0.15718978643417358
-0.22017428278923035
-0.1051950752735138
0.05097208917140961
-0.05245297774672508
0.14797353744506836
0.11474400013685226
-0.49011218547821045
0.0331118106842041
-0.18546637892723083
0.1022796556353569
-0.03855517506599426
0.17358826100826263
-0.9817807078361511
0.04099271818995476
-0.05028809979557991
-0.06076056510210037
-0.5704694390296936
0.2544930875301361
-0.07843175530433655
-0.4764474630355835
1.3612477779388428
0.36395135521888733
-0.1383497416973114
0.6455706357955933
0.30090951919555664
-0.18174348771572113
-1.006473183631897
0.39499667286872864
0.1427803486585617
-0.06963931024074554
-0.7008326649665833
0.43345072865486145
0.5960977673530579
-0.39468756318092346
-0.16532106697559357
0.15604691207408905
0.04081976041197777
0.17611676454544067
-0.023943796753883362
0.32250481843948364
-0.12997956573963165
-0.049324363470077515
-0.054313961416482925
-0.17606961727142334
0.01203087903559208
0.09620116651058197
0.16304448246955872
-0.2708894908428192
-0.4039919972419739
0.07690293341875076
0.030111636966466904
0.10755866765975952
0.18052710592746735
-0.15711835026741028
-0.23695583641529083
0.1003984585404396
0.17481473088264465
0.033376295119524
-0.12278515845537186
0.21174226701259613
-0.20337076485157013
0.024572309106588364
0.06653323769569397
0.18343213200569153
-0.02524811029434204
0.08854033797979355
-0.0016462267376482487
-0.07189884781837463
0.004286649636924267
-0.03882322832942009
-0.08032900840044022
-0.08463799953460693
0.04257236048579216
-0.0037797873374074697
0.056414276361465454
-0.0017371096182614565
0.03237342834472656
-0.01121529657393694
-0.07646168768405914
0.021619493141770363
0.07350731641054153
-0.005775848403573036
0.05158158391714096
0.0758574977517128
-0.022109519690275192
-0.07624856382608414
-0.003702299203723669
-0.025807436555624008
0.0014574951492249966
0.019625937566161156
0.08337783813476562
-0.04938310757279396
-0.007276055868715048
-0.08177945762872696
-0.020294206216931343
0.002244378672912717
-0.03912060707807541
-0.010999149642884731
0.013932472094893456
0.019780606031417847
0.040689487010240555
0.04384539648890495
0.03178182616829872
0.024082036688923836
0.012957318685948849
0.019075823947787285
-0.030776748433709145
-0.11577433347702026
-0.05400528758764267
-0.0033581999596208334
-0.006876089610159397
0.015264640562236309
-0.031917817890644073
0.022097473964095116
-0.011101829819381237
0.04773014783859253
-0.04599381238222122
0.03273910656571388
0.09556449949741364
0.03824802115559578
-0.08262854814529419
-0.09231412410736084
-0.02382819354534149
-0.10053807497024536
-0.10794059932231903
-0.14857757091522217
0.10929156839847565
0.0699782446026802
0.0059629762545228004
0.020540283992886543
0.05988156050443649
-0.05975187197327614
0.1694687455892563
0.003394586965441704
-0.15256080031394958
-0.061260126531124115
0.03769461438059807
0.1323586255311966
0.05347001180052757
-0.01747635379433632
-0.03677963465452194
0.02374485321342945
0.0822272077202797
-0.02067241445183754
0.10573020577430725
0.013941259123384953
0.017508169636130333
0.184827983379364
-0.09510360658168793
0.04268356412649155
0.09269469976425171
0.006240547634661198
-0.11833221465349197
0.08881746232509613
0.3825177550315857
-0.27952250838279724
-0.050011102110147476
0.037468258291482925
0.1340995579957962
0.04014904424548149
-0.01396323461085558
-0.11125048995018005
-0.268502414226532
0.019738694652915
0.13722462952136993
-0.5040225982666016
0.2054866999387741
0.03161950781941414
-0.1891581118106842
0.07362573593854904
-0.03362889960408211
0.14891573786735535
-0.06538121402263641
0.08763081580400467
-0.1858312487602234
0.342589408159256
0.07941261678934097
0.010638472624123096
-0.12924984097480774
0.1073947474360466
-0.022570092231035233
-0.41199034452438354
0.17235010862350464
0.201900452375412
0.05731306970119476
0.027116283774375916
0.009490997530519962
-0.006159543059766293
-0.7347326874732971
0.16690824925899506
0.1316051334142685
0.21097399294376373
0.2612195909023285
-0.22339604794979095
-0.2431585192680359
0.022056665271520615
-0.06873040646314621
-0.07091925293207169
0.16294324398040771
0.18103905022144318
-0.05015471950173378
0.41967007517814636
-0.013133137486875057
0.1876097172498703
-0.15159493684768677
0.0973835363984108
-0.2006029337644577
0.03330818563699722
0.09413880109786987
-0.10088974982500076
-0.1961619257926941
-0.19223636388778687
-0.08457199484109879
0.532188892364502
0.22254036366939545
-0.3661953806877136
-0.11307387053966522
0.009629432111978531
-0.12075378000736237
0.10778631269931793
0.16214412450790405
0.010154147632420063
-0.1269446164369583
0.02555372752249241
-0.08641073107719421
-0.1147674024105072
-0.06112043932080269
-0.08255692571401596
0.05579656735062599
0.05701837316155434
0.01064991857856512
0.07063400745391846
0.03604874387383461
0.023062290623784065
-0.03416953608393669
0.010250619612634182
-0.03873531147837639
-0.07224255800247192
0.004583815578371286
0.012773972935974598
-0.10581851750612259
0.013818110339343548
0.17800918221473694
0.061515212059020996
0.03638402372598648
-0.005481112748384476
-0.06976775079965591
0.016444319859147072
0.008060364052653313
-0.0783640593290329
-0.0584922730922699
0.06400831043720245
-0.038058940321207047
-0.1239996924996376
-0.007224906701594591
0.06346768140792847
-0.02083568274974823
0.010350659489631653
0.035847920924425125
0.01401062123477459
-0.06600099802017212
0.009100589901208878
0.004498045425862074
0.036394402384757996
-0.04995247721672058
0.022557323798537254
-0.008233873173594475
-0.047720395028591156
0.04005766287446022
0.14285270869731903
0.0030047826003283262
0.041285429149866104
0.012963823974132538
0.0053635649383068085
0.011907766573131084
5.452072946354747e-05
-0.056635089218616486
-0.06450334191322327
-0.00918211042881012
-0.03131621330976486
-0.08474255353212357
-0.024949468672275543
-0.0267323050647974
0.22155456244945526
-0.0017452039755880833
0.05974647402763367
-0.016430405899882317
0.18265166878700256
-0.12294001132249832
-0.08998371660709381
-0.04574527591466904
0.09675236791372299
-0.1173366978764534
0.012424154207110405
-0.17849820852279663
-0.03974182531237602
0.1651032269001007
0.13170091807842255
-0.06738575547933578
-0.13070052862167358
-0.07306607067584991
-0.006419372279196978
0.0770397037267685
0.037585992366075516
-0.06897172331809998
0.0726071298122406
-0.07817726582288742
-0.05228439345955849
-0.04441944137215614
0.06285785883665085
-0.017100034281611443
-0.024655096232891083
0.12030964344739914
-0.06283220648765564
0.19259291887283325
-0.09414788335561752
-0.058355577290058136
-0.1546909511089325
0.14747610688209534
-0.09638581424951553
0.1863234043121338
-0.21327224373817444
-0.11716562509536743
-0.0046609919518232346
0.037657491862773895
-0.011151105165481567
-0.07550356537103653
-0.004988165572285652
0.16414181888103485
0.1371341198682785
-0.005800593178719282
-0.11898422986268997
0.04810738563537598
0.03793014958500862
0.14063528180122375
-0.16927257180213928
-0.04195474088191986
-0.12992410361766815
0.04831330105662346
0.0009002725128084421
-0.10282481461763382
-0.09656816720962524
0.11134584993124008
0.006137083284556866
0.06841382384300232
-0.0930728167295456
0.06599795818328857
-0.02635732851922512
-0.13156510889530182
0.04765702411532402
0.14785733819007874
0.024806145578622818
0.11177688837051392
0.13422712683677673
-0.06784579157829285
-0.05496620014309883
-0.024860847741365433
-0.004719400312751532
0.02120925672352314
0.0456235371530056
0.06889859586954117
-0.12595760822296143
-0.0013373662950471044
-0.0416136272251606
0.24405810236930847
-0.033432018011808395
0.16970579326152802
-0.13447144627571106
-0.09379645437002182
-0.23887605965137482
0.08861380070447922
0.3068922460079193
-0.23273985087871552
-0.020281122997403145
0.1442486196756363
-0.44218483567237854
-0.07869905978441238
0.06300465762615204
0.10128083825111389
-0.131660595536232
-0.04095470905303955
-0.38102173805236816
0.21331074833869934
0.5345260500907898
0.05583976209163666
0.006947374437004328
0.022783394902944565
-0.04465291649103165
-0.1486538052558899
0.08907879889011383
-0.2091847062110901
0.016442321240901947
-0.06256873905658722
0.12086555361747742
-0.14044997096061707
0.007290718145668507
0.11414698511362076
-0.1967705339193344
0.6749226450920105
-0.01910565234720707
-0.009811473079025745
-0.0005626728525385261
0.08497986197471619
-0.047568418085575104
0.2612602412700653
0.06239304319024086
0.10813505202531815
0.02966507337987423
-0.09721364080905914
0.13204532861709595
-0.22102388739585876
-0.05921522155404091
-0.1007753312587738
0.03605923429131508
-0.22334931790828705
-0.04573322460055351
-0.17740634083747864
0.8978844881057739
-0.07269346714019775
0.06784546375274658
-0.2787192761898041
0.11809179186820984
-0.5347495079040527
-0.03995245322585106
0.031986139714717865
-0.11947191506624222
0.019638851284980774
0.1284193992614746
-0.008251850493252277
-0.3803985118865967
0.14533719420433044
0.052903857082128525
-0.34279340505599976
-0.04649161919951439
0.02274460531771183
-0.5525833368301392
0.11245063692331314
0.21175692975521088
-0.015548299066722393
0.3795655071735382
0.11379323899745941
0.06108792871236801
0.013943118043243885
0.002312545897439122
-0.1708361804485321
-0.03175807744264603
0.0702902302145958
0.04742993786931038
-0.053893476724624634
-0.04752328619360924
0.05276511609554291
0.030287306755781174
0.01789468713104725
-0.0655847117304802
0.06688030064105988
-0.01579415053129196
-0.08920484781265259
0.03869229555130005
-0.01709875650703907
0.07795979082584381
0.0565650500357151
0.011754017323255539
-0.13997943699359894
0.03504626080393791
-0.06362966448068619
0.010012694634497166
0.15019212663173676
0.03172878921031952
0.013745062053203583
-0.14145740866661072
0.0519605316221714
0.6444346308708191
0.2591027617454529
0.03395606577396393
-0.3541828989982605
-0.030162887647747993
0.003726654453203082
0.10757587105035782
0.1767471581697464
0.061959151178598404
-0.42663341760635376
-0.14707891643047333
-0.23111647367477417
0.31130436062812805
0.013559697195887566
-0.29136037826538086
-0.051827576011419296
0.07554508000612259
0.026030154898762703
0.29753321409225464
-0.29103803634643555
-0.0028224107809364796
0.2341143786907196
0.10107386857271194
-0.09174950420856476
-0.09927072376012802
-0.17946481704711914
-0.11990171670913696
-0.04802970215678215
-0.05777505785226822
-0.05316026508808136
-0.0877353623509407
-0.06411290913820267
0.024820949882268906
0.04258207604289055
0.010951327160000801
-0.033552464097738266
0.06447000801563263
-0.02022968791425228
0.02399885095655918
0.14348243176937103
-0.03549583628773689
-0.2107733190059662
-0.07078820466995239
-0.02975567802786827
0.1124623641371727
0.006992594804614782
-0.05350221320986748
-0.00325933494605124
0.06844969093799591
0.10709990561008453
0.037338390946388245
0.08633273094892502
0.04528530687093735
0.008879638276994228
-0.48159390687942505
0.2032576948404312
-0.014887243509292603
-0.2382211834192276
-0.07646442949771881
0.5219984650611877
-0.01268552802503109
-0.19940592348575592
-0.0662948489189148
0.7241067290306091
-0.09047717601060867
-0.210129976272583
0.31732094287872314
0.11332150548696518
-0.20436325669288635
-0.02667643129825592
-0.22984793782234192
-0.07589802891016006
0.47760292887687683
-0.20156913995742798
-0.6685532927513123
0.2981744408607483
0.03420392423868179
0.061879318207502365
-0.19005908071994781
0.6559587717056274
-0.3827221691608429
-0.07521557807922363
0.17534314095973969
0.05684095621109009
-0.11696106940507889
-0.0066631389781832695
0.12371291220188141
-0.02922774851322174
-0.15340013802051544
0.03836113587021828
0.0770120769739151
-0.03657124564051628
-0.02927563712000847
-0.10873778164386749
-0.013970114290714264
-0.1204507127404213
0.014471299946308136
-0.006972281727939844
-0.06136198714375496
0.010026413016021252
0.1224055364727974
0.019361507147550583
0.19974346458911896
-0.010492696426808834
0.02314036153256893
-0.02990284562110901
-0.01418266911059618
-0.020471565425395966
-0.15208353102207184
-0.13849122822284698
0.008176930248737335
0.01004986371845007
-0.040959931910037994
-0.10705097764730453
0.1673223078250885
0.015200172550976276
0.015003987587988377
-0.1327514946460724
0.09157053381204605
-0.07789948582649231
-0.062303945422172546
-0.023591354489326477
-0.0015606095548719168
-0.005804404616355896
0.12215180695056915
0.20993772149085999
-0.13193030655384064
0.019834144040942192
-0.025157853960990906
0.02655656449496746
0.08521552383899689
0.08908914029598236
0.1166045144200325
-0.16141262650489807
0.018974367529153824
0.10234643518924713
-0.021329808980226517
-0.05101219564676285
-0.18789415061473846
0.24750305712223053
-0.14606130123138428
-0.09466557204723358
0.06462423503398895
0.32527217268943787
-0.33808839321136475
0.017900174483656883
0.4516390860080719
0.31268879771232605
-0.022420380264520645
-0.6105502843856812
-0.2511550486087799
-0.09534342586994171
0.11154258996248245
0.5027046799659729
0.03846704959869385
0.19872356951236725
-0.1104770079255104
0.013735977932810783
-0.22938357293605804
0.05122429504990578
-0.3070102632045746
-0.009563160128891468
0.11953890323638916
-0.33937251567840576
0.24625518918037415
-0.005491852760314941
0.20251822471618652
-0.09946998208761215
0.1652706414461136
0.015445690602064133
-0.1913461983203888
0.38672715425491333
-0.019784800708293915
-0.05268147960305214
-0.20805427432060242
0.01782022789120674
-0.04063301533460617
0.07710254937410355
0.1360926330089569
0.23149247467517853
-0.7835677266120911
-0.05213640257716179
0.0038413407746702433
-0.22709332406520844
-0.00116130115929991
-0.09021541476249695
0.26324790716171265
0.1965118944644928
0.13118697702884674
0.5681585669517517
0.02614150196313858
0.11720596998929977
-0.08609101921319962
-0.04330691695213318
0.004478308837860823
0.19025933742523193
0.14714159071445465
0.10016021132469177
0.20055201649665833
0.048323243856430054
-0.11287006735801697
-0.4824855923652649
-0.11802119761705399
0.006978608202189207
-0.14744816720485687
0.1819210648536682
0.049237582832574844
0.11228764057159424
-0.11719100177288055
-0.08785050362348557
-0.09120950102806091
-0.15809844434261322
0.12020859122276306
-0.08551809936761856
-0.11853177100419998
-0.21705012023448944
0.07618463784456253
-0.2198101133108139
0.13418762385845184
-0.1783805936574936
0.1575005054473877
0.06885799765586853
0.0415140725672245
-0.018565166741609573
-0.5287290215492249
0.3114849030971527
0.07345202565193176
-0.0002740391355473548
0.02435915917158127
-0.07863717526197433
0.1356847733259201
-0.10370154678821564
0.10252868384122849
-0.027735445648431778
0.7380459904670715
-0.3990992605686188
0.18165171146392822
-0.13655290007591248
-0.1322198361158371
0.10802791267633438
-0.20111922919750214
0.26306214928627014
-0.3819759488105774
-0.40146952867507935
-0.0933934673666954
-0.1615116447210312
0.2739216089248657
-0.08134680241346359
-0.051879413425922394
0.008973469957709312
-0.0458335280418396
0.21876205503940582
-0.08949678391218185
0.11150451749563217
0.3357579708099365
-0.23560698330402374
-0.10720910131931305
0.08588553220033646
-0.012460741214454174
0.08402618020772934
-0.007823308929800987
0.19309505820274353
0.034861959517002106
0.5934807658195496
-0.432211309671402
-0.18132610619068146
-0.04782772809267044
0.022494904696941376
-0.1648264080286026
0.07598382979631424
-0.009556205943226814
-0.0062101115472614765
-0.026651762425899506
0.1302507221698761
0.2357264757156372
0.3409455120563507
-0.09538260102272034
0.12953609228134155
-0.4267042279243469
-0.015557258389890194
-0.022857023403048515
0.04067080467939377
0.21731075644493103
-0.08920256048440933
0.28557682037353516
0.17551076412200928
-0.051696762442588806
-0.15399733185768127
0.13703736662864685
-0.08810355514287949
-0.10807342827320099
-0.1262645721435547
-0.171248197555542
-0.06072228029370308
-0.18559780716896057
0.07805676758289337
-0.10574204474687576
-0.07501381635665894
0.08514322340488434
0.0723077654838562
-0.07036083936691284
0.07670216262340546
-0.10362336784601212
-0.08570148050785065
-0.15158364176750183
-0.13914242386817932
0.23000819981098175
0.02507384493947029
-0.08658590167760849
0.1677381545305252
0.23848672211170197
0.07742320746183395
-0.022673042491078377
-0.03917370364069939
-0.13463875651359558
0.24654729664325714
-0.03185847029089928
-0.11048905551433563
-0.15853393077850342
-0.0406789630651474
0.03139762952923775
-0.09695235639810562
0.16758842766284943
0.011790366843342781
-0.46939289569854736
0.19635643064975739
0.03360489755868912
0.26573866605758667
-0.12857896089553833
-0.20551343262195587
-0.067557692527771
0.2096128761768341
-0.1307196319103241
0.006907172035425901
0.09528325498104095
0.2534291446208954
-0.28525373339653015
-0.1315890997648239
0.26258543133735657
0.13679014146327972
0.0786375105381012
-0.004277889151126146
0.03510617837309837
-0.0010724018793553114
0.0999850258231163
-0.06148599833250046
-0.06625117361545563
-0.09443318843841553
-0.025576608255505562
-0.1833176612854004
0.12279178947210312
-0.5937249064445496
0.1586766391992569
-0.062116846442222595
-0.06952854245901108
-0.11310138553380966
0.10102187842130661
0.006728798616677523
0.25453129410743713
-0.14841493964195251
-0.1442612260580063
0.08567065000534058
-0.10502023249864578
-0.23029489815235138
-0.06232481077313423
0.0899725928902626
0.5327755212783813
0.10021848976612091
0.059728022664785385
0.27303439378738403
-0.09492890536785126
0.08425521850585938
-0.036627065390348434
0.028384575620293617
0.006339533254504204
-0.026503145694732666
-0.03202443569898605
-0.026714269071817398
0.13229666650295258
-0.060909703373909
0.05042632296681404
0.0725119560956955
-0.008822383359074593
0.04953857883810997
-0.005863229278475046
-0.0716557651758194
0.037949882447719574
-0.08130092918872833
-0.0018366375006735325
0.04810531437397003
-0.2355407029390335
-0.09660127758979797
0.1752718687057495
0.047263938933610916
0.07200207561254501
0.057080697268247604
-0.03943246230483055
0.07116273045539856
0.0109706474468112
-0.024616779759526253
-0.12907111644744873
0.020734654739499092
0.014546365477144718
-0.1522168219089508
-0.03205603361129761
0.18829497694969177
-0.12308232486248016
0.011958761140704155
-0.00038637605030089617
0.044253669679164886
-0.10094840824604034
0.0015476897824555635
0.12868210673332214
-0.20785458385944366
-0.09235237538814545
-0.00020331046835053712
0.01837211847305298
0.2589583694934845
0.09830821305513382
0.3676431477069855
-0.006059984210878611
-0.030531885102391243
0.038338612765073776
-0.19619737565517426
0.13434378802776337
-0.1236094981431961
-0.13559548556804657
-0.046910133212804794
-0.012451241724193096
-0.008856100961565971
-0.16286639869213104
-0.014927982352674007
0.07691119611263275
-0.1922244280576706
0.012532771565020084
-0.0035719929728657007
0.05473412200808525
-0.15317381918430328
0.0756603255867958
0.14343275129795074
0.02364054135978222
-0.17623589932918549
0.0470254011452198
-0.04967014491558075
-0.019738787785172462
0.061339061707258224
0.06457994133234024
-0.04897717759013176
0.03970521688461304
0.09889865666627884
-0.02885724976658821
0.04113127663731575
-0.11931722611188889
0.022375859320163727
0.022969340905547142
-0.015452587977051735
0.015065335668623447
-0.09239938855171204
0.01796630583703518
-0.012479303404688835
0.06745532155036926
0.017549246549606323
0.009521380066871643
0.08870041370391846
0.13143432140350342
-0.06054842099547386
-0.008747203275561333
-0.02797590382397175
-0.11981470882892609
-0.018155254423618317
0.03620659559965134
-0.21164026856422424
0.022568916901946068
0.23684176802635193
0.18397314846515656
-0.05613941699266434
-0.14064154028892517
-0.023124076426029205
0.11478986591100693
0.011036820709705353
0.08548875153064728
-0.09407330304384232
-0.013690576888620853
-0.16437698900699615
-0.10380152612924576
-0.03517565131187439
-0.10851473361253738
0.3278764486312866
0.2114693969488144
-0.18594969809055328
-0.21342603862285614
-0.4327338635921478
0.01380253303796053
0.01955125853419304
0.03769649565219879
-0.3810449540615082
-0.2865179479122162
0.27863794565200806
0.43219611048698425
-0.11161120235919952
0.39067086577415466
0.5370590090751648
0.2622895836830139
-0.0716395303606987
0.3651944398880005
-0.04461386427283287
-0.17571014165878296
0.13587583601474762
-0.1746923178434372
-0.2028011530637741
0.10123035311698914
-0.6102352738380432
0.02097969502210617
-0.205208420753479
-0.8942323327064514
0.09108645468950272
0.059249039739370346
0.151286318898201
-0.055347055196762085
0.07184077054262161
0.035969968885183334
-0.13269558548927307
0.10502748191356659
0.14236152172088623
0.09582920372486115
-0.08074018359184265
0.13129213452339172
-0.4208764433860779
-0.54897540807724
0.0806649774312973
0.1244300827383995
0.6237077116966248
0.18629130721092224
0.24725520610809326
-0.2535574436187744
0.15187515318393707
0.14874285459518433
0.041079796850681305
0.02485814318060875
0.10988584160804749
0.3255630433559418
-0.3809518814086914
-0.2784082591533661
-0.03331536427140236
0.10267148911952972
-0.396823525428772
-0.04213504493236542
-0.1902170330286026
-0.4403960704803467
-0.2660040259361267
-0.014040932059288025
0.10142723470926285
0.2942107915878296
-0.19943317770957947
0.588179349899292
-0.2853817939758301
0.0581098273396492
-0.10251415520906448
0.39201244711875916
0.24977172911167145
0.2982058823108673
-0.2858109474182129
-0.06618624180555344
0.31308454275131226
-0.04616967961192131
-0.1062639057636261
0.49868202209472656
-0.07665028423070908
-0.06253742426633835
0.02992132119834423
-0.038607221096754074
-0.08168085664510727
-0.0614321231842041
0.07627787441015244
0.04718052223324776
0.09821130335330963
-0.005407729651778936
0.052062708884477615
0.017423130571842194
-0.130570188164711
-0.011170909740030766
0.09024316817522049
0.0009435641695745289
0.058465588837862015
0.07562525570392609
-0.05871083214879036
-0.09662343561649323
0.014622419141232967
-0.085211381316185
0.0237776767462492
0.014508796855807304
0.0935685932636261
-0.08366162329912186
0.00337245617993176
-0.05755572021007538
-0.07332998514175415
-0.02420637011528015
0.03322559595108032
-0.034090813249349594
-0.034425653517246246
0.09928631782531738
-0.05564234405755997
-0.03299484774470329
-0.05941823869943619
0.01605227217078209
-0.07092046737670898
-0.06495388597249985
-0.06337868422269821
0.014208485372364521
-0.0013502949150279164
0.08580321073532104
0.17688655853271484
-0.1128486692905426
0.03238309919834137
-0.06785990297794342
0.11185725033283234
0.037017643451690674
0.13814771175384521
0.1072978600859642
-0.1455804705619812
-0.0013309261994436383
-0.34810611605644226
0.5244346857070923
-0.06470255553722382
0.3457871079444885
0.03451019152998924
0.15627114474773407
0.07350845634937286
0.5713672637939453
-0.6966452598571777
0.019157052040100098
0.19970549643039703
0.28256508708000183
-0.1560029685497284
-0.31260761618614197
-0.2432217299938202
-0.06727107614278793
-0.004991007968783379
0.10712943226099014
-0.13182492554187775
0.2177973836660385
0.12917183339595795
-0.46800491213798523
-0.2594972848892212
-0.26593971252441406
0.15128681063652039
0.04491564631462097
0.1815793365240097
-0.4151880741119385
0.19227668642997742
-0.3022265136241913
-0.02832943946123123
-0.054599348455667496
0.5064108967781067
-0.08760438859462738
-0.07410424947738647
0.5145190954208374
-0.33060842752456665
-0.12032987922430038
0.39035823941230774
-0.09054189175367355
-0.38704240322113037
-0.2126362919807434
0.1546267420053482
-0.04102019965648651
-0.05927570164203644
0.33837899565696716
0.2093682736158371
0.2738509178161621
-0.15795710682868958
-0.27112463116645813
0.10382737964391708
0.00676248362287879
-0.11655513942241669
0.11106289178133011
-0.4557373821735382
-0.04725474491715431
-0.1529720574617386
-0.14611871540546417
0.0489017479121685
0.0911700651049614
0.08217212557792664
0.10365733504295349
-0.15258343517780304
0.1796438992023468
-0.00507865846157074
-0.020806826651096344
0.08223841339349747
-0.0016276644309982657
0.02512945421040058
-0.032688792794942856
0.020941324532032013
0.014113572426140308
-0.0882725790143013
-0.020611504092812538
0.04991517215967178
-0.1080562174320221
0.24406984448432922
0.00033920834539458156
0.01162007637321949
0.2422792613506317
0.03836994245648384
-0.8451129794120789
0.23953793942928314
0.07058973610401154
0.16549664735794067
0.06923164427280426
-0.2251318097114563
0.0002615713165141642
0.30400213599205017
0.4869769215583801
-0.0036261992063373327
0.14068223536014557
0.14457599818706512
-0.18642987310886383
0.06177765130996704
0.03085087239742279
0.10438024997711182
0.07972578704357147
-0.009187180548906326
-0.3047196567058563
-0.12774735689163208
0.00822021346539259
-0.008422846905887127
-0.02336474508047104
-0.058448426425457
-0.0006249630241654813
-0.2021191567182541
0.11780434101819992
0.24958664178848267
0.211885467171669
-0.03918515518307686
-0.11187820136547089
0.04027757793664932
-0.10185892134904861
-0.08180155605077744
0.1026974618434906
0.122493676841259
0.2385508418083191
-0.03683687746524811
-0.11806242167949677
-0.2299993634223938
-0.058348119258880615
0.23879104852676392
0.03945494070649147
-0.06386508792638779
-0.06779284030199051
0.16588447988033295
-0.0753895714879036
-0.1573878526687622
-0.16848008334636688
-0.19949346780776978
0.142507404088974
0.03476431220769882
0.17768314480781555
-0.25845614075660706
0.21430809795856476
0.14648589491844177
-0.08673257380723953
0.04079289734363556
-0.19575373828411102
0.061826884746551514
-0.03218385577201843
0.1155974268913269
-0.0005391646991483867
0.00020209033391438425
-0.02630765549838543
0.17592312395572662
0.014349858276546001
-0.12225202471017838
0.017154091969132423
0.059362757951021194
-0.00394994905218482
-0.022336315363645554
-0.09290021657943726
-0.14210976660251617
0.12287329137325287
-0.1640249639749527
0.13798953592777252
-0.03651237115263939
0.04414742439985275
0.01799376681447029
-0.15783832967281342
-0.5758693218231201
0.19658657908439636
-0.0484829805791378
0.0025375690311193466
0.05221707373857498
0.1276179701089859
-0.04406126216053963
-0.2776778042316437
0.01002020575106144
0.3413766324520111
-0.042337872087955475
0.1814325749874115
-0.10227233171463013
0.012182648293673992
-0.27606064081192017
0.1665843427181244
0.03347281366586685
-0.003183850785717368
-0.2653559148311615
0.0630199983716011
-0.1853296011686325
0.30568769574165344
0.0652068480849266
0.06811638921499252
0.04383791238069534
0.3092513084411621
-0.11074528098106384
-0.05390582233667374
-0.06348153203725815
-0.04922907054424286
-0.049901898950338364
0.0011686653597280383
-0.03207755833864212
0.005818953271955252
0.008433775044977665
-0.06514151394367218
0.1202581375837326
-0.016634713858366013
0.04195602238178253
0.12191256135702133
0.0159000251442194
-0.15517368912696838
-0.1197151243686676
-0.021923793479800224
0.06617636978626251
0.05368721857666969
-0.009445312432944775
0.014595940709114075
-0.023244760930538177
0.05908781662583351
0.021688874810934067
0.08330495655536652
0.04652511700987816
0.028656387701630592
0.7454265356063843
0.07265219837427139
0.23200421035289764
-0.16249054670333862
-0.08026502281427383
-0.42283448576927185
-0.0018233911832794547
-0.04473687708377838
0.37621212005615234
-0.23427724838256836
0.0017806102987378836
0.09735533595085144
0.07243069261312485
-0.27727317810058594
-0.10642686486244202
0.03027619980275631
0.03716664761304855
0.11161830276250839
0.5269774794578552
-0.057611919939517975
0.08128517866134644
-0.159138023853302
-0.05035701021552086
-0.1883949339389801
-0.12320219725370407
-0.4163264334201813
-0.013853778131306171
0.15874995291233063
-0.013328591361641884
0.02571311593055725
-0.006205763202160597
0.12385892868041992
-0.013643739745020866
-0.12450212240219116
-0.04833441600203514
-0.14867213368415833
0.06387102603912354
-0.05732729658484459
-0.006893856916576624
0.13715095818042755
0.109090156853199
0.1616688072681427
0.029428716748952866
-0.11362114548683167
-0.15690115094184875
0.1855461448431015
-0.033730391412973404
-0.022158756852149963
0.03893221169710159
-0.0673367828130722
-0.05084512010216713
-0.18374982476234436
0.11554849147796631
-0.027597792446613312
-0.24412375688552856
-0.002085546962916851
0.056500598788261414
-0.49012523889541626
0.06647157669067383
-0.22492563724517822
0.07515881210565567
0.11200492829084396
0.12734153866767883
-0.15160690248012543
-0.03202515468001366
-0.07335672527551651
0.022912245243787766
-0.022859958931803703
0.4648302495479584
-0.2013702243566513
0.23824362456798553
0.058727145195007324
0.2898458242416382
0.011546452529728413
0.08901789784431458
-0.004481224808841944
-0.17373991012573242
0.22543926537036896
-0.11624671518802643
-0.12413894385099411
0.006479897070676088
-0.12422496825456619
-0.030869649723172188
0.259969562292099
0.09173312038183212
0.23226559162139893
-0.07629671692848206
-0.10669678449630737
-0.22659943997859955
0.05576407164335251
-0.18892313539981842
0.05667264014482498
-0.1805550754070282
0.0806514173746109
0.08817421644926071
-0.11231912672519684
-0.09436298161745071
0.016730545088648796
-0.0357651486992836
0.3875317871570587
0.20427000522613525
-0.32834237813949585
-0.3073621690273285
0.13393117487430573
0.20470155775547028
-0.03907674551010132
-0.15562856197357178
0.18086041510105133
0.2768683433532715
-0.45298728346824646
-0.16962280869483948
0.021109534427523613
0.04866265505552292
-0.3240825831890106
-0.15860065817832947
0.10879428684711456
0.2657572627067566
-0.011606700718402863
-0.014306916855275631
0.06029696390032768
0.0006011749501340091
-0.02857680432498455
0.3309374451637268
-0.08222387731075287
-0.12001460045576096
-0.04411446675658226
-0.28709858655929565
0.27771270275115967
0.23516666889190674
0.08163238316774368
0.07635482400655746
-0.00485396571457386
0.007726885844022036
-0.11276976019144058
0.05223485454916954
-0.5982489585876465
-0.3970194160938263
0.31951335072517395
0.1557416319847107
0.32073408365249634
-0.20938318967819214
-0.027075937017798424
0.16112712025642395
-0.18844984471797943
-0.12184584140777588
0.18926657736301422
0.01426649745553732
0.2774087190628052
0.3250909745693207
0.10393594950437546
-0.24742642045021057
0.05582632124423981
-0.006921317428350449
-0.13476303219795227
-0.040819015353918076
0.027026578783988953
-0.16902495920658112
0.2914327383041382
0.14508259296417236
-0.06740225851535797
-0.3791976571083069
0.16941653192043304
-0.31587904691696167
-0.28509435057640076
-0.29213181138038635
0.002221738686785102
-0.08876429498195648
-0.028558341786265373
0.009871384128928185
-0.005629170220345259
-0.06288585811853409
0.039011795073747635
0.03108193166553974
0.13578008115291595
0.4760236144065857
-0.020110495388507843
0.2042490541934967
-0.10758514702320099
-0.0015906263142824173
0.018470333889126778
0.021560247987508774
0.44041892886161804
0.2151045799255371
-0.07834529876708984
0.10256750881671906
0.06646527349948883
-0.16237299144268036
-0.39014390110969543
0.08208633214235306
0.816982090473175
0.17745253443717957
-0.2944612205028534
0.08708737045526505
0.11132681369781494
-0.23542344570159912
-0.34230539202690125
0.08535301685333252
-0.09782461076974869
0.05530381202697754
-0.2262997031211853
-0.3120761811733246
0.10707428306341171
-0.2811397314071655
0.8538453578948975
-0.04051259532570839
-0.38193389773368835
-0.09470900893211365
0.5123521089553833
-0.2914328873157501
-0.23196043074131012
0.42576324939727783
0.001801087986677885
-0.11924723535776138
-0.04003630205988884
-0.19546115398406982
-0.035754404962062836
-0.17602066695690155
0.4234636425971985
-0.12383187562227249
0.09149099141359329
-0.30461743474006653
-0.04991497844457626
-0.02691257931292057
-0.20639675855636597
0.42888927459716797
0.10164281725883484
-0.005269902292639017
0.0191583801060915
-0.20988823473453522
0.007003304548561573
0.12379346787929535
0.16537316143512726
0.08676715940237045
-0.0892675593495369
-0.08911988139152527
0.06311532109975815
-0.08513419330120087
-0.09422054141759872
0.009870607405900955
0.052362848073244095
0.023867839947342873
-0.17416782677173615
0.0476100854575634
-0.749132513999939
0.6622697710990906
-0.18019115924835205
-0.08349701762199402
0.11965885758399963
0.514009952545166
-0.10079345852136612
0.27434563636779785
-0.3507930636405945
0.4794491231441498
0.06322026997804642
-0.08599274605512619
-0.33190175890922546
-0.41534480452537537
-0.8860127329826355
0.3619924783706665
-0.15892940759658813
-0.17352193593978882
-0.07421523332595825
-0.04750099778175354
0.11751490831375122
0.24254056811332703
0.11873307824134827
-0.02817409299314022
-0.08531210571527481
0.7506284117698669
0.11898841708898544
0.07927399128675461
-0.7161856293678284
-0.010358092375099659
0.21084627509117126
0.2142324596643448
-0.10521319508552551
0.0293675996363163
0.4026796817779541
-0.09812743961811066
-0.21739840507507324
0.08685935288667679
0.1407717913389206
0.1313656121492386
0.11505886167287827
0.25131720304489136
-0.4650936424732208
0.03693293780088425
0.14846162497997284
-0.2173192799091339
0.30173563957214355
0.10781668871641159
-0.39634329080581665
0.11522751301527023
-0.14752086997032166
0.1899470090866089
-0.25952792167663574
0.09567087888717651
-0.1980077475309372
-0.0682874545454979
-0.03549638390541077
0.07972273975610733
-0.11053777486085892
0.3307324945926666
-0.011688962578773499
-0.17069905996322632
0.016728049144148827
0.29211971163749695
0.0753919705748558
0.17155064642429352
-0.3192579448223114
-0.11222180724143982
-0.026685019955039024
-0.06123792380094528
0.01948654279112816
0.10212929546833038
-0.3180847465991974
0.16669024527072906
0.25062745809555054
-0.3250817358493805
-0.18539072573184967
-0.00917414203286171
0.18770372867584229
0.29845505952835083
0.058278586715459824
0.4322807490825653
0.6689841747283936
-0.37460190057754517
0.47647181153297424
-0.4135197401046753
0.009879400953650475
-0.02999069169163704
0.03240133821964264
-0.20926393568515778
-0.007065086159855127
0.005632458720356226
-0.008272755891084671
-0.06877598166465759
0.4860849380493164
-0.7152301669120789
0.043495502322912216
-0.1258929967880249
0.10656408220529556
-0.5662568211555481
0.023829812183976173
0.21083861589431763
-0.37468594312667847
0.10052470862865448
-0.11785772442817688
-0.16072732210159302
0.27475568652153015
0.221461683511734
0.09657050669193268
-0.012706231325864792
0.029924660921096802
-0.05750596523284912
0.023897022008895874
-0.042827002704143524
-0.03760221228003502
0.0509665384888649
-0.03617437928915024
0.09743848443031311
-0.0018075361149385571
-0.027460847049951553
0.016898881644010544
0.06123499199748039
0.07126912474632263
0.0017296348232775927
-0.048998769372701645
-0.03318287059664726
0.05587199702858925
-0.07374438643455505
-0.06256745755672455
-0.034705910831689835
0.010348578914999962
-0.028810109943151474
-0.05905741825699806
0.05530087649822235
-0.02126622013747692
-0.2181999534368515
0.47432100772857666
-0.11920629441738129
0.025686727836728096
-0.008984819054603577
0.16619250178337097
0.01921999454498291
0.16491390764713287
0.18764334917068481
-0.1760643869638443
0.03582480177283287
0.0917539894580841
-0.05911293253302574
0.19263200461864471
-0.036142390221357346
0.1707667112350464
-0.027098268270492554
-0.21819645166397095
-0.0793798491358757
0.06449191272258759
0.10713134706020355
-0.08268187940120697
-0.36752137541770935
-0.03523571789264679
-0.04169059917330742
-0.054199814796447754
-0.14542749524116516
-0.1973869949579239
-0.111916184425354
0.27862173318862915
0.4878769814968109
0.5154976844787598
-0.5458081960678101
0.1419197916984558
0.5324289798736572
-0.9873974323272705
-0.9028179049491882
0.32654619216918945
0.09131473302841187
-0.02476801536977291
0.23697860538959503
0.6606729626655579
-0.5323429107666016
0.10143784433603287
0.13862311840057373
-0.2524243891239166
0.5573408007621765
-0.1450611650943756
-0.3742120563983917
0.14189870655536652
-0.25714024901390076
0.18497337400913239
-0.4465462863445282
0.3124309182167053
0.23901766538619995
-0.12135171890258789
0.1351630836725235
0.280449777841568
0.018747836351394653
-0.5322659611701965
-0.018004383891820908
-0.0002736447786446661
-0.1319124698638916
-0.2133767306804657
0.05506923422217369
0.06697935611009598
0.5552087426185608
0.3187192380428314
-0.34277796745300293
-0.5919604301452637
-0.09207559376955032
0.02381071262061596
0.4543199837207794
-0.2200171798467636
-0.01657378114759922
-0.25367942452430725
0.13419650495052338
0.24049507081508636
-0.07168328762054443
0.042569566518068314
-0.004837184678763151
0.5698810815811157
-0.034310538321733475
0.015341219492256641
-0.009667657315731049
0.01566491276025772
-0.07025261223316193
-0.03261379152536392
-0.1588992178440094
-0.18691886961460114
0.026426803320646286
-0.060652002692222595
-0.16877852380275726
0.021027904003858566
-0.1622016727924347
-0.10181359201669693
-0.016035502776503563
-0.058798648416996
-0.12245243042707443
0.37098953127861023
-0.06609108299016953
0.06207739934325218
0.19878710806369781
-0.03628017380833626
0.09142279624938965
-0.13802562654018402
0.04576107859611511
-0.03469853848218918
0.03672253340482712
0.05335154011845589
0.042639002203941345
0.07068540155887604
0.019610216841101646
0.02861122600734234
-0.006994055584073067
-0.027695205062627792
0.021485159173607826
-0.09450805187225342
-0.005959659814834595
-0.00894232653081417
-0.11746616661548615
-0.026757167652249336
0.1285649985074997
0.06564807146787643
0.05865982919931412
-0.020807022228837013
-0.03915386646986008
0.04394588619470596
0.010656333528459072
-0.0231922660022974
-0.07526611536741257
0.004263527225703001
-0.01987157016992569
-0.059804052114486694
-0.00807107612490654
0.0014629608485847712
-0.06605997681617737
-0.02885385975241661
-0.04585226625204086
-0.004389716777950525
-0.02920030802488327
-0.010955075733363628
-0.004314286168664694
0.02417297475039959
0.08084070682525635
0.021421097218990326
0.026897123083472252
0.06077752634882927
0.011308761313557625
-0.0673430785536766
-0.0827166885137558
-0.02606966532766819
0.0032954057678580284
0.06541893631219864
-0.023637499660253525
0.05204704403877258
-0.05079639330506325
0.013515080325305462
-0.03838604316115379
0.05210309475660324
0.06577866524457932
0.02307017706334591
-0.07286816835403442
0.03771333768963814
0.014590200036764145
0.030557340011000633
-0.01681615598499775
0.03487835451960564
0.003392569487914443
0.012663989327847958
-0.002526531694456935
-0.022091811522841454
0.009655133821070194
0.0011092823697254062
-0.046979811042547226
-0.02688400074839592
-0.02272014133632183
0.02527964860200882
0.026673568412661552
0.03443221002817154
-0.0667683556675911
0.015124778263270855
-0.008637139573693275
0.007912550121545792
0.03366907313466072
0.02862115018069744
0.033427927643060684
-0.026928478851914406
0.017122268676757812
0.2493572235107422
0.347861647605896
0.19277198612689972
-0.08418767154216766
-0.17674823105335236
0.10686670243740082
0.25002995133399963
0.03162650763988495
-0.6969523429870605
-0.2662826180458069
0.0954713374376297
0.00811921339482069
0.5512616038322449
0.27032580971717834
-0.49407967925071716
0.27414417266845703
0.1804899424314499
0.06889292597770691
0.37787362933158875
-0.12128116935491562
-0.5482895374298096
-0.20336194336414337
-0.06863035261631012
-0.045260295271873474
0.03993101418018341
-0.1465262621641159
-0.13179512321949005
0.15456128120422363
-0.3735079765319824
0.1054546907544136
0.04130084440112114
0.12703275680541992
-0.45680758357048035
-0.040971800684928894
-0.0962354764342308
-0.10171256959438324
0.03708783909678459
0.04450612515211105
-0.12316015362739563
0.2390172928571701
0.24376200139522552
0.26949068903923035
-0.3764985501766205
-0.055629417300224304
0.05607578158378601
0.29758524894714355
-0.20789913833141327
-0.20495101809501648
0.24691465497016907
0.35255247354507446
-0.14682795107364655
0.014555967412889004
0.02133760415017605
-0.015077946707606316
0.34054234623908997
0.1038757935166359
-0.05230230838060379
0.02662299945950508
0.055802121758461
0.05931840464472771
-0.1677217334508896
-0.07992610335350037
-0.1079992949962616
0.05945698544383049
-0.1047072559595108
0.02429712936282158
0.055987466126680374
0.024268874898552895
0.0893559530377388
-0.050020769238471985
-0.10300277918577194
-0.135572612285614
0.16867130994796753
0.024618687108159065
0.019383763894438744
0.011983111500740051
-0.11553005129098892
-0.035278916358947754
-0.15488342940807343
0.10685339570045471
-0.031693898141384125
0.10541161149740219
-0.15533940494060516
-0.006709018722176552
0.15791256725788116
0.4062170088291168
-0.18912501633167267
0.15076236426830292
-0.1648394912481308
-0.5221412777900696
-0.13439205288887024
0.16456523537635803
0.05787535011768341
0.2181815207004547
0.11035678535699844
-0.13727088272571564
-0.1289248913526535
-0.12288348376750946
0.024142472073435783
0.029273290187120438
0.21187278628349304
0.2356383055448532
-0.41184669733047485
0.2216709852218628
-0.34819939732551575
-0.0024926357436925173
-0.07926122099161148
0.19574858248233795
0.10321421921253204
-0.11013275384902954
0.08949040621519089
-0.059204138815402985
-0.127791628241539
-0.1605786681175232
0.08010082691907883
0.13975568115711212
0.03718891367316246
0.043819062411785126
0.10345091670751572
0.04152662307024002
-0.11930366605520248
0.10792408138513565
-0.16767217218875885
0.024901162832975388
0.05863335356116295
0.045595768839120865
0.0326615609228611
-0.07360612601041794
0.19950401782989502
-0.020935334265232086
-0.013928280211985111
-0.12849922478199005
-0.02328041009604931
-0.1518804281949997
0.03713833913207054
0.07630995661020279
-0.058035481721162796
-0.06859464198350906
-0.0609104223549366
-0.14180326461791992
-0.04959174618124962
0.023052530363202095
0.1046910434961319
0.05387779325246811
0.10483836382627487
0.003941108472645283
-0.03401865437626839
0.09019507467746735
-0.03378473222255707
-0.11504071950912476
-0.08358889818191528
-0.01606724038720131
0.05369417741894722
0.2011362612247467
-0.13882291316986084
-0.03798418864607811
-0.12080710381269455
-0.052969347685575485
0.0056272768415510654
0.048949528485536575
0.24658745527267456
-0.03439005836844444
0.5598731637001038
-0.15400081872940063
-0.14438457787036896
0.09079544246196747
-0.07244803011417389
-0.4178723096847534
0.016678672283887863
0.046167246997356415
0.0823139026761055
-0.03239867091178894
0.19704042375087738
-0.24003185331821442
0.4805258810520172
-0.17613889276981354
0.3110851049423218
-0.1050942987203598
-0.0315985269844532
-0.018147246912121773
0.11173649877309799
-0.18242090940475464
0.22808076441287994
-0.18018363416194916
0.22314968705177307
0.022380536422133446
-0.16287820041179657
-0.38175374269485474
-0.13045097887516022
-0.311038076877594
-0.1508816033601761
0.30523693561553955
0.011881807819008827
0.2810193598270416
-0.1100953221321106
0.13653776049613953
-0.4889369308948517
-0.3140510320663452
0.19019940495491028
-0.040805358439683914
-0.15325218439102173
-0.22601523995399475
0.5304664373397827
-0.11081968247890472
0.03248944506049156
0.16185718774795532
0.003281667595729232
-0.38960710167884827
0.07929207384586334
0.0009463115129619837
-0.08952538669109344
0.45937207341194153
0.08016877621412277
-0.15162889659404755
0.14044508337974548
0.15495620667934418
-0.04275023564696312
0.1087491512298584
0.13107270002365112
0.2256922423839569
0.042325980961322784
-0.37836819887161255
-0.01661694422364235
0.19951696693897247
0.12510935962200165
-0.08483864367008209
0.09589749574661255
0.1574382483959198
-0.2336806058883667
0.09442757070064545
0.35159802436828613
-0.22311949729919434
-0.000507998513057828
-0.09883308410644531
0.06493820250034332
0.05006555840373039
-0.0250110924243927
-0.11511921882629395
-0.07540232688188553
-0.25321727991104126
0.01206962764263153
-0.2495623528957367
0.0907854437828064
-0.09244399517774582
0.01775316335260868
0.06182852014899254
0.005615267436951399
0.07213292270898819
-0.06541185826063156
-0.02142728865146637
0.11063192039728165
-0.01898403838276863
-0.012695354409515858
0.009782145731151104
0.02554703690111637
-0.034235745668411255
0.04633358120918274
0.055591385811567307
-0.04279429465532303
-0.027627594769001007
-0.08140584081411362
0.01876409724354744
-0.00996504444628954
0.02439580298960209
-0.05220485106110573
0.0094405896961689
-0.08356774598360062
-0.08450273424386978
0.07150290161371231
0.01563486084342003
0.3187292814254761
-0.17757898569107056
-0.018844688311219215
0.06108441576361656
-0.04085212200880051
-0.04296216368675232
-0.10917013138532639
-0.025721650570631027
-0.20516952872276306
-0.10300193727016449
-0.013155985623598099
0.09796357899904251
-0.14107640087604523
0.17185188829898834
0.03450992330908775
0.03989381715655327
-0.04400671645998955
0.012332997284829617
-0.31030359864234924
0.18279334902763367
0.1242372915148735
-0.0016104935202747583
0.09435944259166718
-0.1532689929008484
0.05899502709507942
-0.006288787815719843
0.217324897646904
0.5968552827835083
0.29976269602775574
-0.18838946521282196
0.0751938447356224
-0.2938973009586334
0.1061585545539856
-0.13483567535877228
-0.31137657165527344
0.22842779755592346
-0.1462138444185257
0.013009753078222275
0.1516793668270111
0.18205299973487854
-0.20242595672607422
0.13429953157901764
0.25023728609085083
-0.11274052411317825
0.030899526551365852
-0.19851410388946533
-0.14891879260540009
-0.08260761201381683
0.03787115588784218
-0.2957790493965149
-0.03256048262119293
0.024076392874121666
0.1691988855600357
-0.17973685264587402
0.08611520379781723
-0.052542127668857574
0.13893987238407135
-0.12124475091695786
-0.031683631241321564
-0.11995717138051987
0.11236675828695297
-0.1485430896282196
0.11880076676607132
-0.12689591944217682
0.04701320454478264
-0.15668749809265137
-0.10134027153253555
0.011596154421567917
0.25839555263519287
0.08750782161951065
0.1346825659275055
0.11066151410341263
-0.06979042291641235
0.04397398978471756
-0.014154452830553055
-0.07126899808645248
0.06447163224220276
0.14816077053546906
0.08293013274669647
-0.398398220539093
-0.033108189702034
0.18898895382881165
-0.06818734109401703
-0.24412010610103607
0.14277218282222748
-0.007809706497937441
-0.07511185109615326
0.040281858295202255
0.10152702033519745
-0.42332229018211365
-0.20765207707881927
0.1064910888671875
0.09478938579559326
-0.12099596112966537
0.09937333315610886
0.3187319338321686
0.17951667308807373
0.028210151940584183
0.08019457012414932
-0.3102452754974365
0.12621520459651947
0.31795912981033325
-0.2508080303668976
-0.07241519540548325
0.021900974214076996
-0.0407293364405632
-0.07515056431293488
0.08347557485103607
-0.09064962714910507
0.07982459664344788
0.01920051872730255
-0.039229944348335266
0.0016933352453634143
-0.0915914848446846
-0.004187694285064936
0.030591214075684547
0.045531660318374634
0.04834436997771263
0.028062766417860985
-0.05731887370347977
0.15608975291252136
0.11870939284563065
-0.08083987981081009
0.004793758504092693
-0.058878351002931595
-0.08142586052417755
0.023918770253658295
-0.09639161080121994
-0.14464305341243744
-0.0014573029475286603
0.06750576943159103
-0.014782380312681198
-0.08713162690401077
0.21855171024799347
-0.005353154614567757
0.3751101791858673
-0.4457496404647827
-0.2398562878370285
-0.3581928014755249
-0.49260690808296204
0.7291864156723022
-0.1239032968878746
-0.8654475808143616
1.250198483467102
0.9776151180267334
-0.2510594129562378
-0.0688648447394371
-0.00949755311012268
-0.22757650911808014
-1.3078910112380981
0.24082288146018982
-0.024959273636341095
-0.1172264888882637
0.07309940457344055
-0.30192792415618896
0.586903989315033
0.035026002675294876
-0.16156767308712006
0.1058519184589386
-0.059334706515073776
0.9069563746452332
-0.2694164514541626
-0.058415044099092484
-0.10054619610309601
0.11524125933647156
-0.11727999150753021
0.026110976934432983
0.05590303987264633
0.018440943211317062
-0.09453628212213516
-0.2063724845647812
0.18784184753894806
0.12796621024608612
-0.1257658451795578
0.2889256179332733
0.18175294995307922
-0.17658820748329163
-0.1263662725687027
0.044153716415166855
-0.03311850503087044
0.021123675629496574
-0.18956723809242249
-0.08151200413703918
-0.2494172900915146
0.034813255071640015
-0.03449059650301933
0.0023222777526825666
0.3171408772468567
0.1125720962882042
0.3805336356163025
0.04785307124257088
0.03752150014042854
0.028518904000520706
-0.013863388448953629
-0.13634662330150604
-0.09251651167869568
-0.1701674461364746
-0.3313278555870056
-0.08676230907440186
-0.06929316371679306
-0.09054860472679138
0.1329692304134369
0.004897747188806534
0.4322167932987213
-0.045994844287633896
0.016466643661260605
-0.058030351996421814
0.19868843257427216
-0.01949361339211464
0.027895497158169746
-0.03290306776762009
-0.1391167938709259
0.11601673811674118
-0.1626531183719635
-0.023338384926319122
-0.07594738155603409
-0.17377541959285736
0.3581477701663971
0.09109985083341599
-0.06958150118589401
-0.05310249328613281
0.1994210183620453
-0.11766157299280167
0.03730914369225502
-0.09282293915748596
0.24179169535636902
-0.09797876328229904
0.09810541570186615
0.21158258616924286
0.16229583323001862
0.10764080286026001
0.06927530467510223
-0.058227088302373886
-0.2826767861843109
0.10931885242462158
0.08295547217130661
-0.09287585318088531
-0.0729965940117836
-0.21243071556091309
-0.286704421043396
-0.27372241020202637
0.11560865491628647
-0.08937808871269226
-0.20689941942691803
0.004038168117403984
-0.08823221176862717
0.285102516412735
0.16252879798412323
-0.17283260822296143
0.0948449969291687
0.21045714616775513
-0.2003117799758911
-0.2731606364250183
0.27844658493995667
0.03392626345157623
0.02451709285378456
-0.09209294617176056
0.3034914433956146
-0.09241104125976562
-0.06587444245815277
0.07852929830551147
0.07172858715057373
-0.21111279726028442
0.027721241116523743
-0.19539636373519897
0.07347014546394348
-0.03608187288045883
0.06451509892940521
-0.0605568066239357
0.11631366610527039
-0.2417820543050766
0.0357525534927845
0.011302676051855087
-0.1136525571346283
-0.4932471513748169
0.6007705330848694
0.04571716487407684
-0.3575480878353119
-0.15742425620555878
0.37012407183647156
-0.12393973767757416
-0.24936939775943756
0.044163208454847336
-0.10346173495054245
-0.24042262136936188
0.484011173248291
0.08987941592931747
-0.032071977853775024
-0.056061290204524994
-0.11248678714036942
0.09693752229213715
0.20156343281269073
-0.020009061321616173
-0.15775564312934875
0.06959781795740128
0.4940095841884613
-0.1265619397163391
-0.2701358199119568
-0.1633196622133255
0.06757053732872009
0.08734481036663055
0.108453668653965
0.17761144042015076
0.18622393906116486
-0.18031643331050873
0.03260945528745651
-0.23556458950042725
0.11420100182294846
0.18412566184997559
-0.7429796457290649
0.005553732626140118
0.504942774772644
-0.065515898168087
0.2861146330833435
0.13867071270942688
-0.12759613990783691
0.07740110903978348
-0.05843789875507355
-0.10681209713220596
-0.08424616605043411
-0.030193530023097992
0.14212878048419952
-0.0358462892472744
-0.007563689723610878
0.05329352989792824
0.15106308460235596
0.0366968959569931
0.07974666357040405
0.083584725856781
0.12506632506847382
-0.10799621045589447
-0.060578882694244385
-0.021733125671744347
-0.098419688642025
-0.07077252864837646
0.024962900206446648
-0.08878914266824722
-0.006104461848735809
0.1175655871629715
0.10360610485076904
-0.049670685082674026
-0.1258632242679596
-0.020155169069767
0.07033517956733704
0.0012740044621750712
0.06034655496478081
-0.032888397574424744
0.014289434999227524
-0.1198653131723404
-0.10428236424922943
-0.01817288063466549
-0.34554827213287354
0.09049466997385025
-0.31302782893180847
-0.0022345171310007572
-0.3424249589443207
-0.01865287683904171
-0.0067629339173436165
0.12464205175638199
0.29492849111557007
0.32174399495124817
-0.05088423565030098
-0.07079388201236725
-0.060145992785692215
-0.2628560960292816
0.2438453584909439
0.11449524760246277
-0.011994730681180954
0.027231529355049133
0.11082419008016586
-0.2828003764152527
0.09609673917293549
0.24982106685638428
-0.15207041800022125
0.0466124452650547
0.028604405000805855
0.29043686389923096
-0.15542729198932648
0.3335370421409607
-0.03986424207687378
-0.07837879657745361
0.027580756694078445
-0.08383309096097946
0.15474556386470795
-0.0569777712225914
-0.16703367233276367
0.04661257937550545
0.018800562247633934
-0.029178164899349213
0.03603322431445122
0.022428518161177635
-0.04396497830748558
-0.012321303598582745
0.08172482997179031
-0.026118913665413857
-0.057745423167943954
-0.05256751552224159
0.00025302846916019917
0.05217494070529938
-0.12814104557037354
0.028628777712583542
-0.019608186557888985
-0.02782275341451168
0.0415257029235363
-0.005085418466478586
-0.16385385394096375
0.47920718789100647
-0.09097703546285629
-0.10192488133907318
0.005391100887209177
0.20565156638622284
-0.09748072177171707
0.5103686451911926
0.21422052383422852
-0.1875380575656891
0.10747276246547699
-0.15523295104503632
0.2505348026752472
-0.29099565744400024
0.09952005743980408
0.21512757241725922
-0.10480841249227524
-0.07444732636213303
-0.014999762177467346
-0.30519384145736694
-0.15952275693416595
-0.11580489575862885
-0.31077736616134644
0.07931458950042725
-0.008274590596556664
0.16378630697727203
-0.18110591173171997
0.008481958881020546
-0.1657639890909195
0.009378183633089066
-0.08467856049537659
-0.10224168002605438
-0.12024770677089691
0.059018325060606
0.07412171363830566
0.1121913343667984
0.08892457187175751
0.07303361594676971
-0.009652887471020222
-0.05325164645910263
0.08745710551738739
0.00993102602660656
-0.046279631555080414
0.05607609450817108
0.08729180693626404
-0.04766703397035599
-0.1369612216949463
0.007453793194144964
-0.07905957847833633
-0.017681138589978218
0.00578484358265996
0.07278133928775787
0.035309672355651855
0.01756220869719982
-0.4535611569881439
-0.08053942024707794
-0.06718334555625916
0.040471937507390976
0.02393604815006256
-0.05857721343636513
0.020886365324258804
-0.11919564753770828
-0.27284619212150574
0.10431429743766785
-0.02477758564054966
0.11709585785865784
-0.1320161521434784
0.07498279958963394
0.23785485327243805
0.040110934525728226
-0.050521280616521835
0.0035045749973505735
0.2777708172798157
-0.15695984661579132
-0.10066218674182892
0.38983353972435
0.05465923994779587
0.07102639973163605
-0.03216696158051491
0.0758475735783577
0.04216061532497406
-0.02957168035209179
0.058351319283246994
-0.26377037167549133
0.13101685047149658
0.0021645347587764263
-0.19232405722141266
-0.04372531920671463
0.22428013384342194
-0.0567876473069191
0.07231453061103821
-0.12089584767818451
0.19044248759746552
-0.4155243933200836
-0.10436118394136429
0.39268338680267334
0.019899576902389526
-0.06381231546401978
0.11608118563890457
0.04138427972793579
-0.10374025255441666
-0.039929140359163284
0.11152412742376328
0.16934600472450256
0.061501145362854004
0.02247033640742302
-0.20152398943901062
-0.08913545310497284
0.1520579606294632
-0.10330484807491302
-0.13893060386180878
0.09349456429481506
-0.18338803946971893
-0.10000444948673248
0.04821133241057396
0.10817667841911316
0.3125251531600952
0.13586561381816864
0.032111991196870804
0.026402024552226067
-0.04245965555310249
-0.1544944792985916
0.033837590366601944
-0.014316055923700333
-0.06375036388635635
-0.062248580157756805
-0.18068231642246246
-0.07439551502466202
-0.03504875674843788
0.09269136935472488
0.14271995425224304
-0.039950087666511536
0.05144070088863373
-0.035619478672742844
0.050684720277786255
1.3410313129425049
1.5887298583984375
-0.48059794306755066
-0.2026466578245163
0.1694263517856598
1.3074219226837158
-0.9422590136528015
-0.4999294877052307
-0.3175593614578247
1.3708521127700806
-0.7093861699104309
-0.025666944682598114
0.32207122445106506
-0.181162029504776
0.5431572794914246
0.043569017201662064
-0.894157886505127
-1.0333753824234009
0.6250463724136353
0.15093004703521729
-0.08035395294427872
-0.3965626060962677
-0.6088529229164124
-0.6683803200721741
-0.8737601041793823
0.9062430262565613
-0.4538111984729767
2.8965213298797607
-3.069713592529297
-1.7860714197158813
-3.1892714500427246
1.5640056133270264
-0.3305508494377136
0.38082605600357056
-0.3959371745586395
0.5969178080558777
0.24544097483158112
-3.9624485969543457
-2.242304563522339
1.0358939170837402
-0.0804862231016159
0.7108724117279053
-0.772131085395813
1.0454624891281128
0.8031439781188965
-2.9667534828186035
-0.9331631064414978
0.7026927471160889
1.1498186588287354
0.5753574371337891
0.11223789304494858
-2.1402454376220703
2.232563018798828
2.471810817718506
1.445109248161316
0.2400279939174652
2.85752272605896
-1.49560546875
-1.7625468969345093
0.7363281846046448
-0.6909671425819397
-0.10541635751724243
1.7815438508987427
-0.38494032621383667
1.3090120553970337
-0.21529434621334076
-0.21850170195102692
0.05504215881228447
-0.3144319951534271
-0.3047351837158203
-2.156191110610962
0.47154974937438965
0.20711252093315125
0.4405671954154968
0.3942793309688568
-0.4971151649951935
-0.07777925580739975
-1.6965972185134888
-0.42493703961372375
0.4197095036506653
0.49921438097953796
