[I I I I I I I I][N N N N N N N N][N N N N N N N N][O]
-0.9520799049779434
-1.006858341462322
-0.06281915908282842
0.24257148284654134
0.9798244048542418
0.26114846571167555
-0.27831467719456954
0.52804711607549
0.5084093395421411
0.22813524677929722
0.4973814605061653
1.767508982437965
1.5414257742452875
0.33047265359480915
0.5496803308537161
-0.8240290719811169
-0.5147944648718898
0.007939877782742182
-0.4081288686715647
0.3922541736264807
-0.1405944814074468
0.5936060830116154
2.0447708268715656
0.016086518762979507
-0.4262294027634557
-0.03338857214416321
-0.17994561971884968
-0.08268919047174077
-0.39387869175451096
-0.4756827735457302
-1.1736506729302119
0.9159965631154633
0.08758801577587506
0.7390272837432101
0.6098812987787523
-0.7187934029999776
-0.5461616176528997
-0.043692025465798985
1.6275765736788248
0.022500218754253835
0.3345239469483197
-0.19930161686569592
-0.7090099147818466
0.21533981935891391
-0.3297164420641118
-0.09911919506390804
-0.20830702186042177
0.3120009552607152
-0.04374110129675697
-0.07081946545760903
-0.17054565121304122
0.5100335104223932
-0.270988136004126
-1.2828273247962718
-0.41291943589554914
-0.34749141109550163
0.6247763016574789
-1.016728084576591
-0.3462655063383253
-0.8490998519870261
-0.1004147944597987
-0.8643997938942756
-0.4106287888673265
-0.16436397790568205
1.2029333822678439
-0.06291841760402275
0.5113996647679478
-1.4225783431691583
0.6355423886972348
0.39933354987009684
0.7170130419013089
0.11139918753694422
0.5845075262467508
0.1909339295998517
0.40979893870265177
0.14555380339934942
-0.8806437001925681
0.011590219603371714
0.0075178917067833416
0.5875197431884418
-0.4800463719806626
0.3919136297465647
-1.4047537173636027
-0.3561835086033738
0.9347345974011794
-0.7563939511403124
-0.0517928690122681
-0.0974329921459693
-0.4630564419711847
0.226555346400626
0.0506613747489002
-0.8548804558530237
0.4624447324673785
-0.3716678526510494
0.33549996181835595
0.6658373276358334
-0.08038678712075288
0.009324434551777542
0.06502444989927025
0.3817983374192002
0.057594732197029014
1.2767750894400498
0.25026463571468055
0.5388380374457754
0.08134480038057137
-0.35722760966547373
-1.1524231015561786
-1.297041244749409
0.7888438918119847
0.511056516309601
0.20380606070810375
-0.33690817185045197
0.027572964317729803
1.2276739020702738
0.13021675426992688
0.2770244612146972
0.4373030773389162
0.09548803088845917
-0.01825429190941855
-0.5257573298951401
-0.5342590922020911
0.8613377015098825
-0.08887835856888533
0.2455780914855228
0.35142789487638026
0.5221772140390905
-0.16166720671813062
1.1451737841944258
-0.7826726800793071
0.0004851004755802406
-0.3431916802953655
-0.48902459606226656
-0.5901073589001996
-0.6344372654103049
0.3009003592058758
0.6254139255826192
0.5955343701084972
0.24237562020024273
0.028885305926121412
0.4438630888619653
0.6291957804565276
0.3494741376985311
0.05436581477315029
-0.05980849828345024
-0.6103993552214315
0.4263366378930656
-0.08466317572070084
-0.450408656369682
0.04139293570079961
0.755586975757602
0.10518838808999134
0.39353518000671833
-0.4388024246549035
